0 32
0 34
0 365
0 2
0 399
0 1
1 33
1 35
1 2
1 385
1 389
1 258
2 3
2 259
2 399
2 414
2 265
2 385
3 32
3 384
3 414
3 409
4 28
4 5
4 9
4 18
5 79
5 7
5 9
5 18
5 73
5 147
5 172
5 185
6 10
6 186
6 78
6 179
6 24
6 12
6 92
6 104
6 171
7 16
7 14
7 73
7 103
8 11
8 13
8 20
8 19
9 75
9 18
9 23
9 172
10 186
10 29
10 131
11 13
11 16
11 17
11 20
11 179
11 14
11 12
12 77
12 22
12 179
12 24
13 74
14 74
14 286
14 152
14 134
14 147
15 28
15 63
15 30
16 20
16 19
16 26
16 67
16 60
16 69
16 103
17 77
17 22
17 31
17 20
18 27
18 73
18 205
18 172
18 185
18 96
18 112
18 250
18 218
18 251
19 20
19 26
19 28
20 72
21 25
21 29
21 24
21 64
21 115
21 127
22 31
22 68
22 60
22 24
23 27
23 30
23 157
24 29
24 222
24 237
24 92
24 127
24 120
25 71
26 28
26 67
26 63
27 30
27 96
27 112
27 244
27 251
29 127
30 63
30 56
30 205
31 60
31 62
32 39
32 49
33 40
33 34
34 42
34 40
34 46
34 365
34 35
35 46
35 51
35 322
35 365
35 308
35 340
35 396
35 390
36 327
36 38
37 38
37 244
37 226
37 333
38 56
38 205
38 327
39 42
39 48
39 50
39 45
39 44
39 49
40 42
40 59
40 46
40 56
41 43
41 310
41 45
41 44
41 353
41 409
42 57
42 48
42 59
42 47
42 46
42 49
43 52
43 64
43 45
43 55
43 44
44 52
44 50
44 45
44 384
44 409
45 52
45 48
45 50
45 55
45 47
45 54
45 49
45 375
46 53
46 65
46 63
46 58
46 47
46 51
46 56
46 365
47 48
47 58
47 54
47 49
47 324
47 357
48 57
48 50
48 61
48 49
49 409
49 357
50 52
51 58
51 228
51 308
51 347
51 335
51 340
52 66
52 70
52 64
53 57
53 65
53 72
53 59
53 58
54 70
54 237
54 61
54 58
54 55
54 217
54 201
54 199
54 324
55 70
55 222
55 64
55 237
55 310
55 199
56 63
56 73
56 205
57 66
57 62
57 61
58 61
58 69
59 65
60 68
60 62
60 237
60 61
61 237
62 72
63 67
63 73
64 70
64 222
64 245
64 115
64 238
64 321
65 67
66 70
66 71
67 73
67 228
68 71
69 235
70 71
73 205
73 116
73 228
73 250
73 308
74 77
74 286
74 152
74 278
75 76
75 172
75 138
76 79
77 78
77 179
78 179
78 131
78 136
79 280
79 147
80 90
80 257
80 398
80 81
80 395
80 651
80 85
80 84
81 91
81 90
81 87
81 85
82 397
82 261
82 90
82 258
83 260
83 88
83 737
83 267
83 741
83 640
84 270
84 651
84 85
84 736
84 642
84 740
85 450
85 741
85 736
86 88
86 89
86 644
86 737
87 271
87 91
87 398
87 395
87 267
87 741
88 381
88 255
88 445
88 737
89 263
89 644
90 91
90 258
90 257
90 398
91 265
91 271
91 266
91 258
92 148
92 104
92 127
92 171
92 120
93 184
93 163
93 112
93 130
93 109
93 161
93 122
93 224
94 174
94 164
94 108
94 234
94 253
94 133
94 165
94 105
94 110
94 231
95 109
95 99
95 211
95 107
96 112
96 113
96 244
96 251
96 236
96 240
97 116
97 112
97 218
97 101
97 155
97 233
97 236
97 123
98 245
98 100
98 115
98 159
98 173
98 221
98 225
99 154
99 167
99 109
99 170
100 245
100 191
100 173
100 241
100 221
101 116
101 144
101 124
101 220
101 155
101 233
101 119
102 183
102 113
102 248
102 211
103 175
103 108
103 111
103 118
104 186
104 148
104 115
104 159
104 127
105 234
105 714
105 160
105 675
105 672
105 680
106 222
106 114
106 120
106 192
106 217
106 239
107 109
107 671
107 243
108 164
108 175
108 111
108 125
108 246
108 128
109 167
109 113
109 240
110 714
110 165
110 672
110 158
110 230
111 120
111 175
111 125
111 228
111 235
111 246
112 168
112 184
112 157
112 163
112 183
112 218
113 183
113 167
114 222
114 115
114 127
114 238
115 186
115 245
115 159
115 127
115 238
116 185
116 118
116 228
116 250
116 218
116 155
116 233
117 153
117 126
117 215
117 723
117 685
117 556
118 141
118 185
118 125
118 228
118 155
119 220
119 158
119 679
119 230
119 497
120 222
120 237
120 174
120 171
120 175
120 217
120 235
121 125
121 124
121 128
122 730
122 161
122 123
122 691
122 576
123 233
123 236
123 572
123 691
123 224
124 220
125 228
125 246
125 128
126 173
126 241
128 246
128 253
129 132
129 281
129 279
129 282
129 145
129 284
129 274
129 150
129 438
130 184
130 138
130 163
130 275
130 277
130 285
130 135
130 181
130 632
130 730
131 186
131 132
131 136
131 278
131 148
132 186
132 136
132 148
132 281
132 279
132 162
133 140
133 139
133 164
133 145
133 150
133 440
133 165
134 286
134 140
134 272
134 141
134 142
134 182
135 141
135 147
135 168
135 184
135 137
135 275
135 144
135 155
135 149
136 152
136 278
136 283
136 148
136 139
136 142
136 279
136 282
137 141
137 305
137 288
137 144
137 296
137 612
138 172
138 157
138 163
138 183
138 181
139 140
139 283
139 148
139 142
139 174
139 282
139 145
140 283
140 272
140 142
140 182
140 273
141 287
141 147
141 185
141 288
142 152
142 180
142 182
143 281
143 146
143 156
143 169
144 178
144 155
144 165
144 713
144 149
144 158
145 148
145 162
145 176
145 438
145 440
145 160
146 281
146 156
146 173
146 623
146 153
147 280
147 168
147 172
147 185
147 305
148 152
148 171
148 162
149 155
149 659
149 713
149 679
149 691
149 429
150 299
150 273
150 282
150 304
150 274
150 633
150 612
150 438
151 159
151 162
151 166
152 286
152 179
152 180
153 156
153 173
153 176
153 215
153 723
153 685
153 430
154 183
154 167
154 181
155 168
155 185
156 159
156 173
156 221
157 172
157 163
157 183
158 165
158 713
158 230
158 560
159 186
159 169
160 174
160 162
160 239
160 176
160 440
161 167
161 285
161 181
161 730
161 177
162 239
163 172
163 184
163 183
163 181
164 180
164 178
164 175
164 165
165 612
165 714
165 713
165 716
166 169
166 176
166 227
166 219
167 183
167 181
167 170
168 172
168 184
168 185
170 177
170 671
171 179
171 174
171 180
172 184
173 241
173 221
173 215
174 180
174 239
174 234
175 179
175 180
175 182
176 438
176 440
176 685
176 430
176 437
178 182
179 180
181 183
181 285
185 218
187 228
187 210
187 308
187 313
187 346
187 347
188 220
188 233
188 189
188 214
188 497
188 506
188 472
188 578
188 580
189 342
189 207
189 309
189 206
189 580
190 311
190 331
190 203
190 484
190 509
190 510
190 598
190 341
191 245
191 321
191 241
191 314
191 195
192 238
192 323
192 199
192 239
192 337
192 198
193 201
193 249
193 252
193 198
193 326
193 332
193 213
194 201
194 228
194 330
194 347
194 202
194 213
194 320
195 196
195 321
195 323
195 223
195 225
195 311
195 331
195 247
195 203
196 245
196 238
196 321
196 323
196 225
196 331
197 210
197 313
197 338
197 342
197 207
198 199
198 239
198 337
198 326
199 310
199 217
199 201
199 334
199 324
199 337
200 220
200 252
200 202
200 253
200 213
200 214
200 204
201 217
201 235
201 246
201 330
201 249
201 252
201 202
201 213
202 246
202 210
202 252
202 253
202 213
203 331
203 247
203 216
203 484
203 509
204 213
204 214
204 564
204 339
204 494
205 322
205 327
205 250
205 251
205 209
206 233
206 236
206 572
206 573
206 580
207 233
207 236
207 342
207 315
208 212
208 240
208 211
208 317
208 232
208 499
208 548
208 336
208 319
209 322
209 312
209 250
209 251
209 338
209 328
209 212
209 240
209 211
210 250
210 233
211 244
211 226
211 328
211 212
211 240
211 317
212 338
212 328
212 229
212 240
212 317
212 315
212 336
213 343
213 332
214 220
214 497
214 564
215 221
215 685
215 247
215 216
216 221
216 685
216 247
216 227
216 484
217 222
217 237
217 235
217 246
217 249
218 250
218 233
218 236
219 239
219 234
219 337
219 344
219 227
219 566
219 509
220 233
220 230
220 497
221 223
221 225
221 247
222 237
223 241
223 225
223 311
223 247
224 236
224 229
224 488
224 548
224 576
225 245
226 248
226 328
227 685
227 562
228 235
228 246
228 250
229 236
229 240
229 488
230 253
230 672
230 231
230 564
230 560
231 234
231 253
231 344
231 672
231 680
231 564
231 339
231 502
232 243
232 499
232 548
232 557
232 319
232 493
233 236
233 572
234 239
234 249
235 237
235 246
238 245
239 249
242 243
243 557
244 251
244 248
245 321
246 249
246 252
249 252
252 253
252 564
254 262
254 256
254 263
255 256
255 381
255 268
255 393
256 361
256 381
257 261
257 258
257 400
257 398
257 412
257 270
257 651
258 265
258 385
258 271
258 410
258 392
258 402
258 398
259 269
259 414
259 264
260 393
260 366
260 445
260 383
260 391
260 267
260 458
260 640
261 386
261 270
261 411
262 264
262 388
262 394
263 406
263 381
263 452
264 388
265 269
265 399
265 385
265 382
265 266
266 269
266 382
267 268
267 404
267 401
267 391
267 395
267 741
268 393
268 404
269 399
269 382
270 411
270 415
270 651
270 642
271 403
271 418
272 286
272 287
272 273
273 303
273 294
273 283
273 287
273 290
273 299
273 306
273 282
273 288
274 292
274 298
274 282
274 301
274 304
274 284
274 634
274 438
275 291
275 305
275 297
275 632
276 286
276 303
276 294
276 280
276 287
277 291
277 285
277 302
277 627
278 286
278 293
278 303
278 283
279 293
279 292
279 281
279 282
280 289
280 305
281 301
281 284
282 293
282 303
282 283
282 292
282 299
283 286
283 293
283 303
284 301
284 623
284 634
286 303
287 294
287 288
288 294
288 305
288 295
288 300
288 612
289 303
289 294
289 305
290 303
290 294
290 349
290 306
291 305
291 297
291 348
291 302
292 293
292 298
292 301
293 303
294 303
294 306
295 299
295 306
295 653
295 669
295 296
295 300
295 612
295 602
295 606
296 297
296 300
296 659
296 612
296 713
297 305
297 300
297 348
297 657
298 349
298 301
298 601
298 304
299 349
299 306
299 304
299 653
299 669
299 612
302 348
302 657
302 632
302 627
302 664
304 601
304 599
304 653
304 669
304 634
304 668
306 349
307 352
307 315
307 336
307 378
307 373
308 322
308 313
308 346
308 340
309 325
309 342
309 350
309 363
309 374
309 364
309 378
310 321
310 323
310 353
311 323
311 314
311 331
311 351
311 406
311 341
312 327
312 338
312 328
312 372
312 380
313 322
313 346
313 325
313 338
313 342
314 321
314 353
315 338
315 372
315 350
315 329
316 320
316 402
317 329
317 370
317 319
317 369
318 334
318 331
318 337
318 344
318 355
318 376
318 345
319 499
319 585
319 493
320 347
320 335
320 343
321 323
321 353
322 327
322 338
322 407
322 389
323 334
323 353
323 377
323 331
323 351
324 330
324 357
324 335
325 346
325 338
325 396
325 342
325 374
326 356
326 337
326 332
326 344
326 376
328 338
328 333
328 372
328 329
329 333
329 372
330 356
330 343
330 332
331 334
331 337
331 351
332 343
333 354
333 380
334 375
334 377
334 337
334 376
335 347
335 357
335 343
335 340
335 402
336 488
336 499
336 585
336 362
336 580
338 372
339 344
339 376
339 367
339 345
339 360
339 359
339 587
339 589
339 495
340 346
340 347
340 396
340 402
341 351
341 406
341 598
341 452
341 593
341 455
342 346
343 356
343 401
343 402
345 509
345 598
345 594
345 360
345 540
346 347
348 657
350 352
350 363
351 379
351 406
352 363
352 371
352 378
353 384
353 377
354 407
354 372
354 380
354 386
354 411
355 379
355 376
355 419
355 360
355 408
356 375
356 357
356 358
356 366
357 365
357 358
357 417
358 365
358 417
358 382
358 390
358 410
358 413
358 418
359 367
359 360
359 366
359 534
359 587
359 589
359 495
360 367
360 452
360 408
360 445
360 540
360 542
361 375
361 387
361 376
361 367
361 419
361 393
361 404
362 585
362 369
362 373
362 539
362 535
363 374
363 400
363 412
363 364
364 412
364 378
364 651
364 578
364 519
365 399
365 390
366 367
366 393
366 445
366 383
367 376
367 419
368 371
368 370
368 411
368 415
368 369
368 373
369 370
370 415
371 400
371 415
371 373
372 374
372 400
374 396
374 416
374 392
374 402
375 377
375 387
375 376
377 387
377 409
377 379
378 580
379 406
379 419
381 419
381 408
381 445
382 399
382 390
382 418
383 393
383 404
383 401
383 391
384 409
384 388
385 399
385 390
386 407
386 397
386 411
387 409
387 394
388 405
389 396
389 416
389 392
389 397
390 399
390 396
390 410
391 401
391 534
391 395
391 450
391 454
392 396
392 416
392 402
392 412
393 419
393 445
394 405
394 417
395 401
395 398
395 450
395 651
396 402
398 401
398 402
398 412
399 414
400 407
400 416
400 411
400 651
401 404
401 402
402 410
402 413
402 412
403 413
403 404
405 409
405 417
406 452
406 408
407 416
408 419
408 452
408 445
410 413
410 418
411 415
413 418
414 417
415 651
415 642
415 520
415 645
420 615
420 437
420 699
420 628
420 711
420 426
420 706
420 722
420 427
420 630
421 609
421 622
421 422
421 624
421 631
421 428
421 444
421 704
421 614
422 609
422 431
422 439
422 428
423 611
423 629
423 628
423 441
423 443
423 427
423 433
424 613
424 434
424 728
424 701
424 719
425 621
425 442
425 427
425 630
425 774
425 620
425 770
425 776
425 760
426 731
426 616
426 439
426 442
426 706
426 725
427 711
427 630
427 774
427 436
427 770
427 772
428 697
428 439
428 624
428 442
428 725
428 700
428 704
428 684
429 632
429 691
429 619
429 435
429 434
429 695
429 444
430 610
430 623
430 723
430 611
430 432
430 720
430 437
431 716
431 435
431 697
431 725
432 610
432 723
432 611
432 720
432 715
432 724
432 443
432 705
433 718
433 441
433 443
433 436
434 632
434 627
434 730
434 619
434 613
434 695
434 694
434 444
434 729
434 701
435 713
435 679
435 607
435 697
435 670
436 717
436 772
437 438
437 440
437 675
437 629
437 699
437 673
437 683
437 726
438 633
438 440
439 625
439 624
439 725
440 714
441 720
441 443
441 702
442 621
442 624
442 706
442 725
442 760
443 720
443 718
443 705
444 622
444 697
444 631
445 534
445 644
445 446
445 458
446 452
446 644
446 542
446 523
446 638
446 643
446 462
446 456
447 532
447 464
448 529
448 451
448 649
448 461
448 755
448 754
449 450
449 463
449 646
449 451
449 461
450 651
450 741
450 736
450 458
450 454
450 739
451 522
451 460
451 529
451 453
451 649
451 461
451 543
451 743
452 459
452 525
452 540
452 542
453 522
453 516
453 456
453 646
454 460
454 511
454 519
455 459
455 590
455 593
455 525
456 542
456 638
456 643
456 462
456 528
456 516
456 637
456 515
457 651
457 642
457 513
457 531
457 652
458 462
458 463
458 639
459 525
459 638
460 522
460 511
460 514
460 527
460 463
460 541
460 461
461 514
461 530
461 529
461 526
461 536
461 649
461 647
461 648
461 512
462 522
462 523
462 463
463 522
464 526
464 647
464 512
464 753
465 488
465 573
465 554
465 576
465 471
465 490
465 690
465 592
466 564
466 494
466 482
466 492
466 483
466 498
467 594
467 502
467 475
467 587
467 487
467 546
467 489
468 476
468 571
468 573
468 471
468 558
468 577
468 469
469 577
469 536
469 559
469 783
469 742
469 812
469 810
469 803
470 505
470 498
470 597
470 474
470 565
470 500
470 586
470 485
470 541
470 473
471 580
471 592
472 491
472 506
472 571
472 596
472 580
473 586
473 486
473 529
473 541
473 568
473 802
473 808
473 743
474 505
474 544
474 565
474 500
474 489
474 479
474 568
475 509
475 563
475 552
475 561
475 487
475 546
475 477
475 584
476 491
476 571
476 558
476 485
476 486
477 504
477 552
477 487
477 591
477 582
477 584
477 480
478 547
478 503
478 490
478 690
478 577
478 592
478 678
478 801
479 797
479 507
479 780
479 802
480 487
480 582
480 507
481 585
481 503
481 490
481 493
481 521
481 518
482 553
482 491
482 492
482 498
482 500
483 564
483 496
483 495
484 685
484 562
484 509
484 510
484 556
484 508
484 504
485 491
485 498
485 596
485 514
485 500
485 486
485 541
485 536
486 500
486 574
486 551
486 809
487 552
487 544
487 489
488 499
488 576
488 490
489 502
489 505
489 589
489 544
489 565
489 586
490 547
490 503
490 592
491 492
491 506
491 560
491 571
492 497
492 564
492 506
492 560
493 499
493 557
493 585
493 503
494 497
494 495
494 498
494 578
494 596
495 496
495 597
496 502
496 553
496 505
496 589
497 564
497 506
498 505
498 596
498 597
499 548
499 585
500 553
500 574
500 568
501 588
501 590
501 593
501 508
502 675
502 566
502 509
502 673
502 563
502 505
502 589
502 546
502 565
503 557
503 547
504 563
504 579
504 508
504 555
504 561
504 575
504 591
504 582
505 553
505 589
505 597
505 565
505 586
506 679
506 571
507 805
507 780
508 556
508 588
508 555
508 591
509 510
509 598
509 563
509 579
509 583
510 598
510 588
510 593
510 579
511 534
511 578
511 514
511 527
511 519
512 529
512 526
512 536
512 647
512 747
513 651
513 580
513 519
513 530
513 531
513 581
514 596
514 530
514 541
514 536
515 584
515 528
515 516
515 749
515 748
515 524
515 756
516 542
516 586
516 538
516 524
516 543
517 533
517 584
517 595
517 528
517 749
518 535
518 520
520 535
520 521
520 645
521 539
521 535
521 537
521 645
522 523
522 527
522 538
522 541
523 534
523 542
524 543
524 745
524 756
525 533
525 540
526 530
526 531
526 581
526 577
526 592
526 536
526 647
526 742
527 534
527 596
527 597
527 538
527 541
528 533
529 541
529 536
529 784
529 743
529 747
529 746
530 581
531 581
531 537
531 652
531 645
532 751
533 579
533 583
533 584
535 585
535 539
536 784
537 581
537 592
538 586
538 541
538 543
539 585
540 598
540 594
540 583
540 542
541 543
542 594
542 587
542 586
543 802
543 743
543 745
544 673
544 683
544 733
544 682
544 686
544 546
544 565
544 797
545 550
545 684
545 734
545 559
545 798
545 569
545 792
545 763
545 800
546 673
546 563
546 682
546 552
546 561
547 557
547 554
547 576
548 576
549 676
549 682
549 710
549 552
549 575
549 696
549 797
550 688
550 693
550 574
550 551
550 558
550 559
550 569
551 574
551 559
551 567
552 682
552 561
552 575
553 680
553 683
553 560
553 687
553 689
553 565
554 695
554 694
554 690
554 678
555 556
555 575
555 582
555 696
555 807
556 723
556 685
556 724
556 570
558 692
558 670
558 560
558 688
558 693
558 574
559 567
559 799
560 679
560 564
560 699
560 692
560 571
560 689
561 563
561 570
561 575
562 566
562 563
563 579
565 683
565 686
565 687
566 675
566 673
567 574
567 806
568 686
568 687
568 574
568 681
568 806
568 802
568 794
569 690
569 693
569 684
569 703
569 734
569 758
569 792
570 685
570 705
570 735
570 676
570 682
570 575
571 679
571 670
571 573
572 679
572 691
572 670
572 573
573 670
573 576
573 690
574 688
574 689
574 681
575 676
575 682
575 696
575 805
576 691
576 671
577 592
577 742
578 596
578 580
579 598
579 588
579 590
579 583
579 591
579 584
580 581
581 592
582 591
582 805
582 749
583 594
583 584
584 586
586 587
586 597
587 594
587 589
588 590
588 593
589 597
590 593
590 591
590 595
591 595
596 597
599 601
599 653
599 605
600 604
600 602
600 606
601 634
601 611
602 653
602 606
602 656
603 604
603 605
604 653
604 668
604 661
604 667
605 653
605 668
606 659
606 660
606 607
607 669
607 659
607 657
607 612
607 660
607 609
607 626
608 664
608 618
608 619
608 613
609 660
609 622
609 626
609 666
609 625
610 623
610 723
610 611
611 629
611 661
612 669
612 659
612 713
612 716
613 627
613 664
614 666
614 624
614 631
614 704
614 778
615 668
615 662
615 635
615 716
615 628
615 616
616 662
616 656
616 621
616 625
617 654
617 656
617 621
617 630
617 620
618 619
618 622
618 626
619 657
619 632
619 627
620 621
620 624
620 630
620 774
620 776
621 628
621 630
622 626
622 631
624 656
624 666
624 625
624 775
624 778
625 662
625 656
626 657
626 660
626 666
627 632
627 730
627 664
628 629
628 655
628 711
628 630
629 634
629 635
629 711
629 726
630 665
632 659
632 657
632 730
633 634
633 635
634 635
636 647
636 648
636 739
637 643
637 646
637 641
638 644
638 650
639 643
639 640
639 646
640 644
640 737
640 643
640 650
640 738
641 646
641 649
641 756
642 651
642 652
642 645
642 740
643 650
644 650
645 652
646 649
647 652
647 648
648 649
648 754
649 756
649 754
651 736
652 740
653 669
654 658
654 667
655 668
655 661
655 667
656 663
657 659
657 660
657 664
658 665
658 667
659 713
660 663
660 666
662 669
662 668
663 666
665 667
670 679
670 691
670 697
670 692
670 695
670 693
671 728
672 714
672 680
672 699
673 675
673 720
673 683
674 686
674 766
674 769
674 698
674 770
675 680
676 735
676 682
676 709
676 677
677 718
677 696
678 719
678 690
678 703
678 758
678 801
679 713
679 692
680 699
680 683
681 687
681 688
681 698
681 770
681 806
681 793
682 709
683 699
683 726
683 733
683 686
683 689
684 700
684 704
684 729
684 688
684 693
684 734
684 760
685 723
685 720
685 705
686 733
686 687
686 722
686 766
686 698
687 722
687 689
687 698
688 712
688 692
688 706
688 725
688 689
688 693
689 699
689 727
689 692
689 706
690 695
690 694
690 729
690 701
690 693
690 703
691 730
691 695
692 712
692 725
693 729
694 695
694 728
694 701
694 719
695 730
695 729
695 701
697 725
697 700
698 722
699 714
699 731
699 733
700 725
700 704
700 729
701 704
701 729
701 719
701 721
702 720
702 705
702 732
703 721
703 734
703 758
703 768
704 729
704 721
704 734
704 778
705 723
705 720
705 715
705 724
705 735
705 709
706 712
706 727
706 725
706 722
707 708
707 711
707 733
707 710
707 717
708 726
708 732
709 718
709 732
709 735
709 710
710 732
710 717
711 733
712 727
712 731
712 725
713 716
714 716
715 718
715 724
715 735
716 731
717 769
719 721
720 723
722 733
723 724
724 735
726 732
727 731
728 730
734 768
734 777
734 760
736 740
737 738
738 741
739 740
742 783
742 751
743 802
743 808
743 755
743 779
743 746
743 757
744 747
744 750
744 746
744 782
744 753
744 757
745 802
745 752
745 779
746 784
746 755
746 747
746 781
746 782
746 757
747 755
747 750
747 753
748 780
748 749
748 752
748 786
749 805
749 786
750 784
750 783
750 753
751 753
752 780
752 756
752 786
754 755
754 757
755 757
756 779
756 757
758 792
758 801
758 759
758 763
758 795
758 810
759 768
759 777
759 763
760 775
760 773
760 777
760 765
760 761
760 764
760 763
761 767
761 764
761 800
761 791
761 804
762 770
762 806
762 776
762 773
762 765
762 793
763 792
763 764
763 800
763 790
764 767
764 790
764 791
765 773
765 767
766 769
766 797
766 771
766 794
767 806
767 793
767 813
767 791
767 804
769 772
769 771
770 774
770 776
770 771
771 772
772 774
773 775
773 777
774 776
775 776
775 778
777 778
779 802
779 785
779 781
780 805
780 802
780 786
780 787
781 788
782 788
782 811
782 813
782 804
783 811
783 803
784 809
784 811
785 802
785 789
785 787
786 805
786 787
787 802
787 794
787 789
788 802
788 808
788 789
788 793
788 813
789 802
789 794
789 793
790 792
790 800
790 795
790 796
791 796
791 804
792 798
792 800
792 795
792 812
793 806
793 813
794 797
794 805
795 796
795 812
795 810
795 803
796 800
796 812
796 811
797 805
798 799
798 800
798 812
798 811
799 806
801 810
802 808
803 812
803 810
804 806
804 811
804 813
805 807
806 809
806 811
806 813
808 809
811 812
