0 32
0 2
1 33
1 385
2 399
3 32
4 9
5 9
6 10
6 78
7 16
7 14
7 103
8 11
8 13
9 75
9 172
10 186
10 29
11 16
11 20
12 22
12 179
12 24
13 74
14 134
15 28
16 67
17 31
17 20
18 27
18 73
21 25
21 29
21 64
22 31
22 68
22 60
23 27
25 71
26 28
26 67
27 244
31 62
32 39
33 34
34 35
36 327
36 38
37 38
39 50
39 44
39 49
40 59
41 43
41 310
42 48
44 45
45 55
46 51
47 54
47 49
48 57
48 50
50 52
51 308
53 65
53 72
54 58
55 64
55 199
57 61
58 61
58 69
59 65
60 62
60 61
62 72
63 73
65 67
66 70
68 71
69 235
70 71
73 250
74 77
75 76
76 79
77 78
79 147
81 90
81 87
82 90
82 258
83 737
85 736
86 88
86 89
87 267
88 255
89 263
90 91
92 171
93 109
94 110
95 99
95 107
96 112
96 113
96 251
97 155
97 123
98 100
98 115
98 225
99 167
102 113
102 248
103 111
104 127
105 160
106 222
106 114
107 671
107 243
108 125
109 113
109 240
110 672
110 158
110 230
113 167
114 127
115 127
116 118
116 218
117 126
117 215
117 723
118 125
119 220
119 158
119 679
121 125
121 124
121 128
122 123
123 572
123 224
124 220
128 253
129 145
131 132
132 279
133 150
133 440
133 165
134 272
136 283
137 141
137 144
138 163
139 148
139 174
140 283
140 272
140 142
142 152
142 180
143 156
143 169
149 429
150 612
151 159
151 162
151 166
152 179
153 723
156 173
157 172
157 183
160 176
161 730
161 177
163 184
164 180
164 178
166 169
167 183
168 184
168 185
170 177
170 671
171 179
174 180
175 180
178 182
187 210
188 189
188 214
189 207
189 206
190 203
190 510
191 245
192 238
192 199
192 337
193 198
193 332
194 213
194 320
195 311
196 238
196 225
197 210
197 342
198 337
198 326
200 202
200 204
202 252
203 247
205 327
206 236
210 250
212 229
213 332
214 497
215 216
216 247
218 250
219 227
219 566
221 225
223 241
223 247
224 229
226 248
227 562
229 240
230 564
232 548
232 557
234 239
234 249
242 243
243 557
244 251
244 248
249 252
252 253
254 262
254 256
255 256
255 268
256 381
258 392
259 269
259 414
260 393
260 445
260 391
260 267
262 388
263 381
264 388
265 385
266 269
268 393
268 404
269 399
270 415
270 642
271 403
272 287
274 282
275 291
275 305
276 286
276 280
277 291
277 285
278 293
279 292
280 289
281 284
284 301
284 623
288 294
290 303
290 349
290 306
292 293
293 303
294 306
295 300
295 606
296 300
296 659
297 305
297 300
297 348
299 304
304 599
307 352
307 373
309 342
309 350
310 321
310 353
311 314
312 327
313 346
313 325
315 372
315 350
316 320
317 329
318 331
318 337
318 345
319 585
320 347
323 334
323 331
323 351
324 330
325 374
326 344
326 376
328 333
328 329
333 380
334 337
335 343
335 340
339 344
340 346
341 598
345 509
345 594
346 347
350 352
351 379
352 371
353 377
354 372
354 380
354 386
354 411
355 379
355 419
356 375
356 358
357 365
359 366
359 534
361 375
361 376
361 419
362 369
363 374
363 412
363 364
364 378
365 399
366 367
366 383
367 376
368 415
368 373
371 400
378 580
381 408
382 418
383 401
383 391
384 409
385 390
386 407
386 397
387 394
388 405
391 395
395 398
395 450
396 402
398 412
400 411
401 404
402 410
402 412
403 413
403 404
405 417
407 416
408 419
410 418
414 417
420 628
421 422
422 431
422 439
423 441
424 728
425 442
426 731
426 706
427 711
427 630
427 774
429 435
430 720
430 437
431 697
432 723
433 436
434 730
435 697
437 438
438 633
438 440
439 625
440 714
441 443
441 702
442 706
443 718
444 697
445 446
446 542
447 532
447 464
448 461
448 755
449 463
449 646
450 454
451 529
452 459
453 646
455 459
455 525
456 528
457 651
457 531
457 652
458 462
458 639
459 638
460 522
461 648
462 523
464 647
465 573
465 471
466 483
467 475
467 487
467 489
468 571
468 471
469 577
470 505
470 500
471 580
472 506
473 568
473 808
474 565
474 489
474 568
475 584
476 491
476 558
477 582
477 584
478 503
478 801
479 507
480 487
480 507
481 490
481 493
482 491
482 498
483 496
483 495
484 562
485 486
486 551
487 552
488 499
489 586
492 560
493 499
494 497
497 506
498 597
499 548
500 553
501 588
501 508
502 673
502 589
504 508
504 561
507 805
508 556
509 563
510 598
511 578
512 747
513 519
513 530
514 530
514 541
514 536
515 748
516 586
516 524
517 595
517 528
518 535
518 520
520 521
521 539
521 537
522 538
523 534
524 543
524 745
524 756
525 533
526 530
526 581
527 597
527 541
528 533
529 536
531 581
531 537
532 751
533 583
535 585
535 539
537 592
538 586
540 583
543 743
544 546
544 565
545 684
545 569
545 792
546 682
546 561
547 554
547 576
549 797
550 693
550 551
550 558
551 574
551 567
552 561
553 565
554 694
555 575
556 570
558 692
559 567
559 799
561 575
562 563
566 675
567 806
568 687
570 575
572 691
572 670
572 573
574 688
577 592
578 596
579 583
579 584
580 581
582 591
587 594
587 589
588 590
590 595
591 595
599 601
599 605
600 602
600 606
602 653
603 604
603 605
604 667
605 668
607 659
608 664
609 626
610 623
611 629
612 669
614 631
615 635
615 628
616 621
616 625
617 654
617 656
617 621
617 620
618 619
618 622
618 626
619 632
622 631
624 625
625 656
628 629
629 635
630 665
633 634
633 635
636 647
636 648
636 739
637 643
637 641
638 650
639 640
640 738
641 646
642 645
643 650
644 650
645 652
646 649
653 669
654 658
654 667
655 668
655 661
655 667
656 663
657 659
658 665
660 666
662 669
663 666
670 679
671 728
672 680
673 675
673 683
674 698
674 770
675 680
676 735
676 677
677 696
681 687
681 698
684 734
686 687
687 689
688 692
688 725
690 695
690 693
691 695
692 712
694 728
697 700
698 722
699 714
699 731
700 729
701 721
702 732
703 734
703 768
704 729
704 734
705 720
705 715
706 722
707 708
707 711
707 717
709 710
710 717
711 733
712 727
713 716
715 718
715 724
715 735
716 731
717 769
719 721
722 733
726 732
739 740
742 783
742 751
744 753
745 752
746 784
747 755
748 749
748 752
750 783
754 757
755 757
759 768
759 777
759 763
761 764
761 800
762 770
762 765
762 793
763 790
764 767
765 773
765 767
766 769
766 797
771 772
773 775
775 776
775 778
777 778
779 785
779 781
780 786
781 788
784 809
785 787
786 787
787 794
788 813
789 794
789 793
790 795
791 796
791 804
792 812
793 813
794 797
795 810
796 811
798 799
798 800
801 810
803 812
803 810
804 813
805 807
806 809
808 809
811 812
